100
559920
153612
93355
224842
678410
957182
893122
169007
22769
641251
589569
9307
943995
191361
246956
388844
192019
342126
248702
506940
385950
100413
433865
228101
973687
495064
301367
400987
282955
275360
898132
902074
861935
516492
920327
507541
573092
369501
413324
323849
972704
104019
548260
777633
178266
476402
362284
255446
588913
428101
683894
520320
814601
337532
590215
610377
437496
944849
728395
831683
429972
954465
958196
837314
238429
912911
641865
287961
663810
105617
496784
846681
66348
84569
495840
534005
162936
57095
5213
258833
988883
945819
221119
847700
157236
40544
93451
879314
953366
764240
197588
11217
30414
874572
233722
904969
139304
855375
820550
548188  